"C:\Users\Gandhali Shastri\venv\Scripts\python.exe" "C:/Users/Gandhali Shastri/PycharmProjects/ML/SignLanguageRecognition/No_SURF.py"
   label0  label1  label2  label3  ...  label9212  label9213  label9214  label9215
0     255     255     255     255  ...        255        255        255        255
0     255     255     255     255  ...        255        255        255        255
0     255     255     255     255  ...        255        255        255        255
0     255     255     255     255  ...        255        255        255        255
0     255     255     255     255  ...        255        255        255        255

[5 rows x 9216 columns]
[ 9 18 19 ... 12  7  9]
[ 9 18 19 ... 12  7  9]
[[108   0   0   0   0   0   0   0   0   0   0   0   0   0   0   0   0   0
    0   0   0   0   0   0]
 [  0 108   0   0   0   1   0   0   0   0   0   0   0   0   0   0   0   0
    0   0   0   0   0   0]
 [  0   0 100   0   0   0   1   0   0   0   0   0   0   0   0   0   0   0
    0   0   0   0   0   0]
 [  0   0   0  57   0   0   0   0   0   0   0   0   0   0   0   0   0   0
    0   0   0   0   0   0]
 [  0   0   0   0  91   0   0   0   0   0   0   0   0   0   0   0   0   0
    0   0   0   0   0   0]
 [  0   2   0   0   0  91   0   0   0   0   0   0   0   0   0   0   0   0
    0   0   0   0   0   0]
 [  0   0   0   0   0   0 109   0   0   0   0   0   0   0   0   0   0   0
    0   0   0   0   0   0]
 [  0   0   0   0   0   0   0  46   0   0   0   0   0   0   0   0   0   0
    0   0   0   0   0   0]
 [  0   0   0   0   0   0   0   0  78   0   0   0   0   0   0   0   0   0
    0   0   0   0   0   0]
 [  0   0   0   0   0   0   0   0   0  90   0   0   0   0   0   0   0   0
    0   0   0   0   0   0]
 [  0   0   0   0   0   0   0   0   0   0  77   0   0   0   0   0   0   0
    0   0   0   0   0   0]
 [  0   0   0   0   0   0   0   0   0   0   0  91   0   0   0   0   0   0
    0   0   0   0   0   0]
 [  0   0   0   0   0   0   0   0   0   0   0   1  91   0   0   0   0   0
    0   0   0   0   2   0]
 [  0   0   0   0   0   0   0   0   0   0   0   0   0  89   0   0   0   0
    0   0   0   0   0   0]
 [  0   0   0   0   0   0   0   0   0   0   0   0   0   0  88   0   0   0
    0   0   0   0   0   0]
 [  0   0   0   0   0   0   0   0   0   0   0   0   0   0   0  77   0   0
    0   0   0   0   0   0]
 [  0   0   0   0   0   0   0   0   0   0   1   0   2   0   0   0  91   0
    0   0   0   0   0   0]
 [  0   0   0   0   0   0   0   0   0   0   0   0   0   2   0   0   0  84
    1   0   0   0   0   0]
 [  0   0   0   0   0   0   0   0   0   0   0   0   2   0   0   0   0   0
   77   0   0   0   0   0]
 [  0   0   0   0   0   0   0   0   0   0   0   0   0   0   0   0   0   0
    0  58   0   0   0   0]
 [  0   0   0   0   0   0   0   0   0   0   1   0   0   0   0   0   0   0
    0   1  47   0   0   0]
 [  0   0   0   0   0   0   0   0   0   0   0   0   0   0   0   0   1   0
    0   0   0  45   0   0]
 [  0   0   0   0   0   0   0   0   0   0   0   0   5   0   0   0   0   0
    3   0   0   0  75   0]
 [  0   0   0   0   0   0   0   0   0   0   0   0   0   0   0   0   0   1
    0   0   0   0   0  94]]
              precision    recall  f1-score   support

           0       1.00      1.00      1.00       108
           1       0.98      0.99      0.99       109
           2       1.00      0.99      1.00       101
           3       1.00      1.00      1.00        57
           4       1.00      1.00      1.00        91
           5       0.99      0.98      0.98        93
           6       0.99      1.00      1.00       109
           7       1.00      1.00      1.00        46
           8       1.00      1.00      1.00        78
           9       1.00      1.00      1.00        90
          10       0.97      1.00      0.99        77
          11       0.99      1.00      0.99        91
          12       0.91      0.97      0.94        94
          13       0.98      1.00      0.99        89
          14       1.00      1.00      1.00        88
          15       1.00      1.00      1.00        77
          16       0.99      0.97      0.98        94
          17       0.99      0.97      0.98        87
          18       0.95      0.97      0.96        79
          19       0.98      1.00      0.99        58
          20       1.00      0.96      0.98        49
          21       1.00      0.98      0.99        46
          22       0.97      0.90      0.94        83
          23       1.00      0.99      0.99        95

   micro avg       0.99      0.99      0.99      1989
   macro avg       0.99      0.99      0.99      1989
weighted avg       0.99      0.99      0.99      1989

Accuracy for  SVM 0.9864253393665159
Precision for  SVM 0.9864253393665159
knn started
[[105   0   0   0   0   0   0   0   0   0   0   0   0   0   0   0   0   3
    0   0   0   0   0   0]
 [  0 102   0   0   0   4   0   0   0   0   0   0   0   0   0   0   0   0
    0   0   0   0   3   0]
 [  0   0 100   0   0   0   0   1   0   0   0   0   0   0   0   0   0   0
    0   0   0   0   0   0]
 [  0   0   0  57   0   0   0   0   0   0   0   0   0   0   0   0   0   0
    0   0   0   0   0   0]
 [  0   0   0   0  89   0   0   0   0   0   0   0   0   0   0   0   0   2
    0   0   0   0   0   0]
 [  0   5   0   0   0  87   0   0   0   0   0   0   0   0   0   0   0   0
    0   0   0   0   1   0]
 [  0   0   0   0   0   0 109   0   0   0   0   0   0   0   0   0   0   0
    0   0   0   0   0   0]
 [  0   0   0   0   0   0   0  46   0   0   0   0   0   0   0   0   0   0
    0   0   0   0   0   0]
 [  0   0   0   0   0   0   0   0  78   0   0   0   0   0   0   0   0   0
    0   0   0   0   0   0]
 [  0   0   0   0   0   0   0   0   0  90   0   0   0   0   0   0   0   0
    0   0   0   0   0   0]
 [  0   0   0   1   0   0   0   0   0   0  75   0   0   0   0   0   1   0
    0   0   0   0   0   0]
 [  0   0   0   0   0   0   0   0   0   0   0  89   1   0   0   0   0   1
    0   0   0   0   0   0]
 [  0   1   0   0   0   0   0   0   0   0   0   2  82   0   0   0   0   2
    4   0   0   0   3   0]
 [  0   0   0   0   0   0   0   0   0   0   0   4   0  84   0   0   0   0
    1   0   0   0   0   0]
 [  0   0   0   0   0   0   0   0   0   0   0   0   0   0  88   0   0   0
    0   0   0   0   0   0]
 [  0   0   0   0   0   0   0   0   0   0   0   0   0   0   0  77   0   0
    0   0   0   0   0   0]
 [  0   0   0   2   0   1   0   0   0   0   0   0   2   0   0   0  89   0
    0   0   0   0   0   0]
 [  1   0   0   0   1   0   0   0   0   0   0   2   4   1   0   0   0  77
    1   0   0   0   0   0]
 [  3   0   0   0   0   0   0   0   0   0   0   0   4   0   0   0   0   0
   71   0   0   0   1   0]
 [  0   0   0   0   0   0   0   0   0   0   0   0   0   0   0   0   0   0
    0  58   0   0   0   0]
 [  0   0   0   0   0   0   0   0   0   0   0   0   0   0   0   0   2   0
    0   1  46   0   0   0]
 [  0   0   0   0   0   0   0   0   0   0   0   1   0   0   0   0   0   0
    0   0   0  44   1   0]
 [  0   0   0   0   0   0   0   0   0   0   0   0   6   0   0   0   0   0
    2   0   0   0  75   0]
 [  0   0   0   0   0   0   0   0   0   0   0   0   0   2   0   0   0   0
    0   0   0   0   0  93]]
              precision    recall  f1-score   support

           0       0.96      0.97      0.97       108
           1       0.94      0.94      0.94       109
           2       1.00      0.99      1.00       101
           3       0.95      1.00      0.97        57
           4       0.99      0.98      0.98        91
           5       0.95      0.94      0.94        93
           6       1.00      1.00      1.00       109
           7       0.98      1.00      0.99        46
           8       1.00      1.00      1.00        78
           9       1.00      1.00      1.00        90
          10       1.00      0.97      0.99        77
          11       0.91      0.98      0.94        91
          12       0.83      0.87      0.85        94
          13       0.97      0.94      0.95        89
          14       1.00      1.00      1.00        88
          15       1.00      1.00      1.00        77
          16       0.97      0.95      0.96        94
          17       0.91      0.89      0.90        87
          18       0.90      0.90      0.90        79
          19       0.98      1.00      0.99        58
          20       1.00      0.94      0.97        49
          21       1.00      0.96      0.98        46
          22       0.89      0.90      0.90        83
          23       1.00      0.98      0.99        95

   micro avg       0.96      0.96      0.96      1989
   macro avg       0.96      0.96      0.96      1989
weighted avg       0.96      0.96      0.96      1989

lr started
C:\Users\Gandhali Shastri\AppData\Local\Programs\Python\Python36\lib\site-packages\sklearn\linear_model\logistic.py:433: FutureWarning: Default solver will be changed to 'lbfgs' in 0.22. Specify a solver to silence this warning.
  FutureWarning)
C:\Users\Gandhali Shastri\AppData\Local\Programs\Python\Python36\lib\site-packages\sklearn\linear_model\logistic.py:460: FutureWarning: Default multi_class will be changed to 'auto' in 0.22. Specify the multi_class option to silence this warning.
  "this warning.", FutureWarning)
[[105   0   0   0   0   0   0   0   0   0   0   0   0   1   0   0   0   2
    0   0   0   0   0   0]
 [  0  97   0   0   0   6   0   0   0   0   0   0   2   0   0   0   0   0
    0   0   0   0   2   2]
 [  0   0  96   0   0   0   0   1   0   1   0   2   0   0   0   0   1   0
    0   0   0   0   0   0]
 [  0   0   0  57   0   0   0   0   0   0   0   0   0   0   0   0   0   0
    0   0   0   0   0   0]
 [  1   0   0   0  87   0   0   0   0   0   0   0   0   0   0   0   0   2
    1   0   0   0   0   0]
 [  0   8   0   0   0  81   0   0   0   1   3   0   0   0   0   0   0   0
    0   0   0   0   0   0]
 [  0   0   0   0   0   0 108   0   0   0   0   0   0   0   0   0   1   0
    0   0   0   0   0   0]
 [  0   0   0   0   0   0   0  46   0   0   0   0   0   0   0   0   0   0
    0   0   0   0   0   0]
 [  0   0   0   0   0   0   0   0  78   0   0   0   0   0   0   0   0   0
    0   0   0   0   0   0]
 [  0   0   0   0   0   0   0   0   0  90   0   0   0   0   0   0   0   0
    0   0   0   0   0   0]
 [  0   0   0   0   0   0   0   0   0   0  72   0   3   0   0   0   1   0
    0   0   0   0   1   0]
 [  0   0   0   0   0   0   0   0   0   0   0  79   5   0   0   0   1   1
    5   0   0   0   0   0]
 [  0   0   0   0   0   0   0   0   0   0   1   6  75   0   0   0   1   4
    4   0   0   0   3   0]
 [  0   2   0   0   0   0   0   0   0   0   0   3   0  81   0   0   0   0
    3   0   0   0   0   0]
 [  0   0   0   0   0   0   0   0   0   0   0   0   0   0  88   0   0   0
    0   0   0   0   0   0]
 [  0   0   0   0   0   0   0   0   0   0   0   0   1   0   0  76   0   0
    0   0   0   0   0   0]
 [  0   0   0   0   0   0   0   0   0   0   1   0   1   0   0   0  91   0
    0   0   0   0   0   1]
 [  0   0   0   0   9   0   0   0   0   1   0   3   6   3   0   0   0  60
    4   0   0   0   0   1]
 [  0   0   0   0   0   0   0   0   0   0   0   0   6   0   0   0   0   4
   68   0   0   0   0   1]
 [  0   0   0   0   0   0   0   0   0   0   0   2   0   0   0   0   0   0
    0  55   1   0   0   0]
 [  0   0   0   0   0   0   0   0   0   1   1   1   0   0   0   0   1   0
    0   3  42   0   0   0]
 [  0   2   0   0   0   0   0   0   0   0   0   0   0   0   0   0   1   0
    0   0   0  43   0   0]
 [  0   0   0   1   0   0   0   0   0   0   0   1   7   0   0   0   3   0
    6   0   0   3  61   1]
 [  1   2   0   0   1   1   0   0   1   0   0   8   0   2   0   0   0   2
    0   0   0   0   0  77]]
              precision    recall  f1-score   support

           0       0.98      0.97      0.98       108
           1       0.87      0.89      0.88       109
           2       1.00      0.95      0.97       101
           3       0.98      1.00      0.99        57
           4       0.90      0.96      0.93        91
           5       0.92      0.87      0.90        93
           6       1.00      0.99      1.00       109
           7       0.98      1.00      0.99        46
           8       0.99      1.00      0.99        78
           9       0.96      1.00      0.98        90
          10       0.92      0.94      0.93        77
          11       0.75      0.87      0.81        91
          12       0.71      0.80      0.75        94
          13       0.93      0.91      0.92        89
          14       1.00      1.00      1.00        88
          15       1.00      0.99      0.99        77
          16       0.90      0.97      0.93        94
          17       0.80      0.69      0.74        87
          18       0.75      0.86      0.80        79
          19       0.95      0.95      0.95        58
          20       0.98      0.86      0.91        49
          21       0.93      0.93      0.93        46
          22       0.91      0.73      0.81        83
          23       0.93      0.81      0.87        95

   micro avg       0.91      0.91      0.91      1989
   macro avg       0.92      0.91      0.91      1989
weighted avg       0.91      0.91      0.91      1989

nb started
[[67  0  2  0 11  1  0  0  0  3  0 10  0  0  0  0  0 13  0  0  0  0  1  0]
 [ 0 10  4  0  5 20  0  0  0 32  9  8  3 10  0  0  0  0  0  0  2  6  0  0]
 [ 0  1 67  0  0  0  0  0  0  0  0  0  0  3  0  0 27  0  1  0  0  0  0  2]
 [ 0  0  2 32  0  0  0  0  0  0  4  0  0  0  0  0  0  0  0 13  1  5  0  0]
 [ 1  3  0  0 48 11  1  0  0  3  0 14  1  1  0  0  0  0  0  0  0  2  5  1]
 [ 0  1  0  0  2 31  0  0  0 18  9 10  2  3  0  0  0  0  0  1  6  8  2  0]
 [ 0  0  1  0  0  0 95  0  0  0  0  0  0  2  3  0  2  0  0  0  0  0  2  4]
 [ 0  0  4  0  0  0  7 31  0  0  0  0  0  1  0  0  0  0  0  0  0  0  0  3]
 [ 0  7  0  0  0  1  0  0 60  0  0  0  2  0  0  0  1  0  0  0  0  0  3  4]
 [ 6  0  2  0  1  3  0  0  0 74  0  1  0  0  0  0  0  1  0  0  2  0  0  0]
 [ 0  0  4  0  0  0  0  0  0  1 27 10  0  5  0  0  0  0  0  0 10 20  0  0]
 [ 0  0  0  0  0  4  0  0  0 57  0 27  0  1  0  0  0  0  0  0  0  2  0  0]
 [ 0  0  1  0  0 13  2  0  0 21  1 15 16  1  0  0  0  1  1  0  1 18  3  0]
 [ 0  0  3  0  3 15  5  0  0  0  0 26  2 27  0  0  0  2  0  0  0  0  6  0]
 [ 0  0 11  0  0  0  0  0  0  0  0  0  0  0 75  1  0  0  0  0  0  0  0  1]
 [ 0  0  0  0  0  0  0  0  0  0  0  0  0  0  0 77  0  0  0  0  0  0  0  0]
 [ 0  0  3  0  0  8  0  0  0 20  0  7  6 14  0  0  5  0  0  1  4 24  2  0]
 [ 0  0  0  0  2  4  2  0  0 27  2 19  0  0  0  0  0 14  0  0  0  9  8  0]
 [ 5  0  1  0  6 16  3  0  0  5  0 14  0  0  0  0  0  8 11  0  0  6  2  2]
 [ 0  0  0  3  0  0  0  0  0  7  0  0  0  0  0  0  0  0  0 36  7  0  5  0]
 [ 0  0  9  0  0  4  0  0  0 13  1  4  0  0  0  0  0  0  0  0 16  1  1  0]
 [ 0  0  0  0  0  0  0  0  0 24  0  2  1  2  0  0  0  0  0  0 11  4  2  0]
 [ 0  1  0  0  1  7  0  0  0 19  1 16  0  0  0  0  1  0  2  0  5 10 20  0]
 [ 5  1  3  2  9  1  8  0  0  0  0 19  1  4  0  0  1  9  0  0  3  1  0 28]]
              precision    recall  f1-score   support

           0       0.80      0.62      0.70       108
           1       0.42      0.09      0.15       109
           2       0.57      0.66      0.61       101
           3       0.86      0.56      0.68        57
           4       0.55      0.53      0.54        91
           5       0.22      0.33      0.27        93
           6       0.77      0.87      0.82       109
           7       1.00      0.67      0.81        46
           8       1.00      0.77      0.87        78
           9       0.23      0.82      0.36        90
          10       0.50      0.35      0.41        77
          11       0.13      0.30      0.18        91
          12       0.47      0.17      0.25        94
          13       0.36      0.30      0.33        89
          14       0.96      0.85      0.90        88
          15       0.99      1.00      0.99        77
          16       0.14      0.05      0.08        94
          17       0.29      0.16      0.21        87
          18       0.73      0.14      0.23        79
          19       0.71      0.62      0.66        58
          20       0.24      0.33      0.27        49
          21       0.03      0.09      0.05        46
          22       0.32      0.24      0.28        83
          23       0.62      0.29      0.40        95

   micro avg       0.45      0.45      0.45      1989
   macro avg       0.54      0.45      0.46      1989
weighted avg       0.53      0.45      0.46      1989


Process finished with exit code 0
